0.10000000000000001 1
0.20000000000000001 1
0.30000000000000004 1
0.40000000000000002 1
0.5 1
0.59999999999999998 3
0.69999999999999996 8
0.79999999999999993 19
0.89999999999999991 20.5433
0.99999999999999989 21.12
1.0999999999999999 21.5424
1.2 21.7735
1.3 1
1.4000000000000001 2
1.5000000000000002 4
1.6000000000000003 5
1.7000000000000004 7
1.8000000000000005 7
1.9000000000000006 7
2.0000000000000004 1
2.1000000000000005 3
2.2000000000000006 4.16441
2.3000000000000007 5.05378
2.4000000000000008 5.97588
2.5000000000000009 1
2.600000000000001 2
2.7000000000000011 3.33333
2.8000000000000012 4.16441
2.9000000000000012 4.84749
3.0000000000000013 1
3.1000000000000014 2
3.2000000000000015 2.9
3.3000000000000016 3.55301
3.4000000000000017 4.33944
3.5000000000000018 5.19763
3.6000000000000019 6.09735
3.700000000000002 6.72885
3.800000000000002 1
3.9000000000000021 2
4.0000000000000018 3.33333
4.1000000000000014 4.63158
4.2000000000000011 5.97588
4.3000000000000007 7.47918
4.4000000000000004 8.83778
4.5 10.1115
4.5999999999999996 11.0604
4.6999999999999993 11.0604
4.7999999999999989 1
4.8999999999999986 1
4.9999999999999982 1
